idx,Base salt,Initial loading,Final loading,Fitness,Origin
1356,GaF3,3.0,9.0,1.7314328582145535,s
2978,RbI,1.0,2.0,2.5449735449735447,s
2673,MgCl2,9.0,12.0,1.2552301255230127,s
3928,ZnBr2,2.0,4.0,2.806866952789699,s
4158,GeCl2,9.0,12.0,1.378716744913928,s
4512,NiBr3,6.0,9.0,2.2957198443579765,s
2951,BeCl2,7.0,9.0,1.4501424501424502,s
3965,TiBr4,4.0,8.0,2.4054054054054053,s
2952,TiBr3,8.0,9.0,1.9059233449477355,s
2728,ZnBr2,6.0,9.0,2.0999999999999996,s
2496,ZrCl4,4.0,8.0,1.8423236514522825,s
4751,BeCl2,7.0,8.0,1.4268292682926829,s
4691,TiBr4,4.0,5.0,2.7890625,s
81,Ca(Al2Si2O6)2,2.0,3.5,2.1,e
1982,SrF2,0.0,6.0,2.172328086164043,s
1724,SrBr2,1.0,2.0,3.330543933054394,s
2532,VF4,3.0,5.0,1.8837555886736217,s
3286,NiF2,4.0,12.0,1.569116655428186,s
1956,CrCl4,0.0,8.0,1.743101182654402,s
3012,BaCl2,6.0,8.0,2.0,s
3915,LaBr3,4.0,9.0,2.011128775834658,s
1620,MgI2,2.0,4.0,2.727069351230426,s
2939,CuCl2,4.0,6.0,2.0177935943060494,s
5705,Ba3(AsO4)2,10.0,11.0,3.0,s
4559,CoBr2,8.0,9.0,2.106122448979592,s
5580,Ni2P2O7,0.0,1.0,3.2857142857142856,s
4404,MoF4,3.0,4.0,2.3451612903225807,s
671,NaClO4,0.0,1.0,2.1,e
2204,YF3,3.0,9.0,1.6366782006920415,s
3388,ZnBr2,0.0,4.0,2.807228915662651,s
5113,Mg2As2O7,0.0,6.0,2.522727272727273,s
1027,TiF4,0.0,8.0,1.6151530356246862,s
563,MnCl2,2.0,4.0,1.66,e
3441,CaI2,1.0,7.0,2.374164810690423,s
3087,MnF4,0.0,5.0,1.9767195767195769,s
1217,TiF3,0.0,9.0,1.5335276967930032,s
2602,RbI,1.0,4.0,2.20566037735849,s
5418,Ca(ClO4)2,5.0,9.0,1.945454545454545,s
1520,LaBr3,3.0,10.0,2.3361227336122736,s
3347,ZnF2,2.0,8.0,1.798887122416534,s
3688,MgF2,8.0,12.0,1.373320537428023,s
3692,TiF4,4.0,8.0,1.6155507559395248,s
271,EuCl2,0.0,2.0,3.56,e
2857,CaCl2,6.0,8.0,1.2989898989898991,s
3043,HfF4,3.0,4.0,3.027522935779817,s
2121,YCl3,2.0,9.0,1.508437270726339,s
4873,Ba(ClO4)2,0.0,9.0,2.2,s
1919,AlI3,0.0,6.0,2.73826714801444,s
2815,LaBr3,6.0,10.0,2.339080459770115,s
3545,VBr4,2.0,8.0,2.4559585492227978,s
3961,VBr4,4.0,8.0,2.456862745098039,s
3615,ZrCl4,0.0,3.0,2.2032622333751566,s
3465,NiCl2,2.0,8.0,1.6289095519864751,s
1794,LaI3,8.0,10.0,2.5935483870967744,s
1247,CaBr2,0.0,12.0,1.478170478170478,s
5541,FePO4,9.0,11.0,1.8205128205128205,s
3882,ZnI2,4.0,9.0,2.4086021505376345,s
5633,Ca(ClO4)2,5.0,7.0,1.8148148148148149,s
2196,SrF2,4.0,12.0,1.4904153354632588,s
5108,Mn3(AsO4)2,0.0,8.0,2.7804878048780486,s
917,UO3,1.0,2.0,4.69,e
1313,ScBr3,0.0,6.0,2.252823631624674,s
4085,ZrF4,5.0,8.0,1.8180212014134276,s
1637,BaI2,6.0,12.0,1.8551724137931036,s
1532,SrI2,2.0,7.0,2.5141065830721003,s
843,Sr(NO3)2,0.0,4.0,2.26,e
363,K2HgCl4,0.0,1.0,3.38,e
139,CaTeO3,0.0,1.0,2.35,e
304,FePO4,0.0,4.0,2.27,e
1566,GeF4,2.0,4.0,2.238828967642527,s
1013,AlCl3,0.0,9.0,1.4367504835589942,s
387,K4P2O7,0.0,3.0,2.21,e
5656,Ni(ClO4)2,6.0,8.0,2.0,s
769,Rb2Co(SO4)2,2.0,6.0,2.39,e
3273,YI3,0.0,9.0,2.60939060939061,s
2679,WCl4,5.0,8.0,2.36036036036036,s
4804,Rb2Se,0.0,5.0,1.8602510460251045,s
4616,MoBr4,3.0,4.0,3.183098591549296,s
1412,TiF4,0.0,2.0,2.331203407880724,s
4749,PbI2,8.0,9.0,2.924731182795699,s
5406,Mg(ClO4)2,4.0,8.0,1.8333333333333337,s
1942,CaCl2,0.0,8.0,1.2985856469355683,s
4566,PbI2,1.0,2.0,4.615384615384616,s
2630,GaCl3,1.0,3.0,2.1362763915547025,s
4550,PbI4,1.0,3.0,4.323308270676691,s
4881,KBrO3,0.0,6.0,1.8205128205128205,s
2564,ScCl3,2.0,4.0,1.8051359516616312,s
5274,VPO4,0.0,1.0,3.0555555555555554,s
58,BeSeO4,2.0,4.0,1.7,e
76,Ca6Al2(OH)12(SO4)3,7.0,26.0,1.6,e
804,Sm(NO3)3,0.0,6.0,2.35,e
2710,PbF2,2.0,4.0,3.2375,s
4173,ZnCl2,9.0,12.0,1.4306688417618272,s
793,RbF,0.0,1.0,2.9,e
4777,Li2Se,0.0,7.0,1.5851167315175096,s
2708,SrF2,2.0,4.0,2.0144628099173554,s
2227,MgBr2,2.0,6.0,2.078807241746539,s
2525,SnBr2,6.0,12.0,1.7310344827586206,s
3447,HfI4,0.0,8.0,3.353120243531202,s
4155,GaCl3,2.0,4.0,2.1496746203904555,s
3421,CrBr3,1.0,8.0,2.2625,s
4407,CaI2,0.0,1.0,3.3451327433628317,s
919,UO3,0.0,2.0,4.99,e
2182,BaF2,2.0,9.0,2.0893401015228426,s
3195,ZnCl2,0.0,6.0,1.995677233429395,s
2319,YCl3,3.0,8.0,1.8077753779697625,s
5352,SrHAsO4,1.0,4.0,2.418181818181818,s
1267,MgBr2,2.0,12.0,1.5288406624785835,s
4304,MoI4,0.0,3.0,3.9017857142857144,s
4829,CrAsO4,0.0,11.0,1.9542857142857144,s
1188,YI3,6.0,7.0,2.8053097345132745,s
4298,PbI2,0.0,2.0,4.630208333333333,s
4663,CrI3,8.0,9.0,2.3950617283950617,s
447,LiClO4,1.0,3.0,1.68,e
3689,ZrF4,0.0,2.0,2.918118466898955,s
5679,Ba(ClO4)2,3.0,4.0,2.4999999999999996,s
2991,SrCl2,7.0,8.0,1.8060344827586208,s
5447,Ba3(PO4)2,0.0,4.0,3.5000000000000004,s
1064,CrBr3,0.0,9.0,2.009273570324575,s
2424,ZnI2,2.0,8.0,2.3626543209876543,s
4379,WBr4,3.0,5.0,3.570135746606335,s
2763,CuBr2,6.0,9.0,2.138755980861244,s
1425,CaI2,2.0,9.0,2.1001011122345803,s
2382,LaBr3,2.0,6.0,2.7843803056027165,s
3964,CoCl3,4.0,6.0,2.0,s
2697,SrF2,6.0,9.0,1.8273921200750467,s
3275,YBr3,0.0,9.0,1.9221183800623052,s
4274,CaF2,7.0,9.0,1.6138211382113825,s
1512,HfF4,0.0,2.0,4.2540792540792545,s
2825,SrBr2,9.0,12.0,1.582089552238806,s
3492,LaI3,0.0,7.0,2.870653685674548,s
2021,GeF2,2.0,12.0,1.5133899412148923,s
4327,YF3,8.0,9.0,1.6353711790393013,s
2786,ZnI2,2.0,4.0,3.086505190311419,s
4605,CrCl4,4.0,5.0,1.9324324324324325,s
4314,VI4,5.0,8.0,3.0,s
6,Al2(OH)4SO4,2.0,7.0,1.61,e
684,NaIO3,0.0,5.0,2.5,e
1953,LiBr,0.0,4.0,1.8232118758434548,s
3375,LiF,0.0,2.0,1.7772357723577237,s
5257,PbHPO4,2.0,7.0,2.5846153846153843,s
3022,RbBr,2.0,3.0,2.3164556962025316,s
4385,BeF2,7.0,9.0,1.4384449244060475,s
3665,CuF2,4.0,9.0,1.827586206896552,s
5254,K2HPO4,2.0,6.0,1.7555555555555555,s
1074,MnI2,0.0,9.0,2.2928571428571427,s
4206,SrCl2,9.0,12.0,1.3586776859504133,s
2252,SnF2,4.0,12.0,1.6540590405904056,s
1484,MnCl4,3.0,8.0,1.7545271629778671,s
4520,FeI3,6.0,9.0,2.4680851063829787,s
1899,CrCl3,0.0,9.0,1.5081707959936743,s
3136,LiF,0.0,4.0,1.5105182144689584,s
2031,SnF4,0.0,2.0,3.326196473551637,s
4494,VCl4,2.0,3.0,2.0833333333333335,s
3889,CuCl2,8.0,12.0,1.448780487804878,s
2494,ZnI2,6.0,12.0,1.904964539007092,s
1140,HfF4,3.0,8.0,2.3347050754458163,s
1471,MgBr2,0.0,2.0,2.663013698630137,s
2860,BaF2,9.0,12.0,1.625,s
5171,CrAsO4,2.0,7.0,2.3255813953488373,s
3230,LiBr,0.0,3.0,1.926064227035101,s
2958,GaBr3,8.0,9.0,2.0801526717557253,s
227,CsAl(SO4)2,0.0,12.0,1.92,e
5297,Cu(IO3)2,0.0,2.0,4.2631578947368425,s
48,BaBr2,0.0,1.0,4.15,e
579,MnSO4,1.0,7.0,1.96,e
1246,GaCl3,0.0,9.0,1.597694840834248,s
4344,YCl3,0.0,1.0,2.7724137931034485,s
5535,BaHAsO4,2.0,4.0,2.75,s
5134,K2HPO4,1.0,6.0,1.7543859649122808,s
2292,BaCl2,4.0,12.0,1.4748653500897664,s
272,EuCl3,0.0,6.0,2.42,e
1114,SnCl2,0.0,4.0,2.1834570519618244,s
2315,NiCl2,1.0,4.0,2.0558194774346794,s
4493,CaI2,1.0,2.0,2.828828828828829,s
1945,TiF4,0.0,4.0,1.890335846470185,s
391,KAl(SO4)2,2.0,3.0,1.95,e
1711,LaBr3,6.0,10.0,2.339080459770115,s
3977,CoBr2,8.0,12.0,1.6814159292035395,s
4193,ScCl3,7.0,9.0,1.4086378737541527,s
4998,VPO4,0.0,5.0,2.28030303030303,s
1573,CaI2,2.0,6.0,2.294788273615635,s
3617,VBr4,0.0,5.0,2.843505477308294,s
211,CrF3,0.0,3.0,2.22,e
918,UO3,0.9,2.0,4.72,e
1299,NaCl,0.0,4.0,1.4575667655786348,s
4311,SrI2,4.0,6.0,2.7184466019417477,s
3501,GeBr2,0.0,4.0,2.561626429479034,s
1852,BeF2,0.0,12.0,1.3780541981341623,s
5527,Fe(IO3)3,6.0,8.0,3.24,s
3845,GeBr2,7.0,12.0,1.614609571788413,s
967,ZnBr2,0.0,2.0,3.02,e
1803,ScI3,8.0,9.0,2.229166666666667,s
2098,MoBr4,0.0,8.0,2.6283482142857144,s
336,HAuCl4,3.0,4.0,2.87,e
3967,MnBr4,4.0,8.0,2.4712871287128713,s
3526,LaI3,1.0,8.0,2.7577030812324934,s
2716,ScF3,2.0,3.0,2.0126315789473685,s
2469,CsI,0.0,4.0,2.401976935749588,s
1784,MgBr2,8.0,9.0,1.875,s
3057,YBr3,6.0,7.0,2.436974789915966,s
3371,ScF3,0.0,3.0,2.0098302055406614,s
4636,LiI,3.0,4.0,2.123076923076923,s
2604,NiBr3,3.0,6.0,2.668888888888889,s
3422,SiF4,3.0,8.0,1.6019108280254777,s
2920,LaBr3,7.0,10.0,2.3382899628252787,s
1720,TiF4,2.0,3.0,2.084699453551913,s
4362,BaF2,4.0,6.0,2.4080996884735204,s
2488,MoCl4,2.0,5.0,2.161993769470405,s
1376,GaBr3,0.0,6.0,2.6525612472160356,s
175,Co(NO3)2,2.0,3.0,1.85,e
5435,Ca2P2O7,0.0,2.0,2.5714285714285716,s
4205,MgI2,0.0,1.0,3.686567164179104,s
2629,SrI2,7.0,12.0,1.7644151565074135,s
4979,AlPO4,0.0,7.0,1.9451219512195124,s
1962,BaF2,0.0,12.0,1.6257088846880907,s
2904,MnCl4,2.0,3.0,2.142857142857143,s
3048,CaCl2,8.0,9.0,1.4526315789473685,s
2046,PbCl2,0.0,9.0,2.4124999999999996,s
3523,PbF2,0.0,2.0,5.1141439205955335,s
4186,HfF4,2.0,3.0,3.874045801526717,s
3823,AlBr3,4.0,6.0,2.313725490196078,s
0,AgF,0.0,1.0,6.61,e
2184,GeBr2,2.0,12.0,1.6166666666666667,s
1366,ZnCl2,0.0,4.0,2.1342342342342344,s
4251,YI3,6.0,10.0,2.5083798882681565,s
2884,YCl3,7.0,9.0,1.5082742316784872,s
2867,GaI3,6.0,9.0,2.4448160535117056,s
401,KF,0.0,2.0,2.02,e
5492,Pb2P2O7,0.0,2.0,4.894736842105264,s
3036,VBr4,4.0,5.0,2.8360655737704916,s
1822,YI3,9.0,10.0,2.529411764705882,s
3869,VI2,7.0,12.0,1.830028328611898,s
4016,MoBr4,0.0,3.0,3.347945205479452,s
824,SnCl4,0.0,5.0,2.27,e
1582,BaBr2,2.0,6.0,2.5338208409506393,s
3812,PbF2,7.0,12.0,2.014367816091954,s
1810,SrI2,7.0,8.0,2.3709677419354835,s
2290,SnF4,2.0,5.0,2.3844155844155845,s
3402,CaBr2,1.0,6.0,2.228140703517588,s
4518,RbI,0.0,1.0,2.824644549763033,s
4318,LaBr3,6.0,10.0,2.339080459770115,s
5606,Pb(H2PO4)2,2.0,4.0,2.9047619047619047,s
4926,CrPO4,1.0,2.0,2.7777777777777777,s
3507,ZrI3,0.0,9.0,2.311764705882353,s
3135,AlCl3,0.0,4.0,1.8483045806067817,s
3005,LaBr3,6.0,8.0,2.4470588235294115,s
3890,VCl2,8.0,12.0,1.3567251461988303,s
4073,GeCl2,1.0,2.0,2.288702928870294,s
560,MnC2O4,2.0,3.0,1.57,e
1169,NiCl2,0.0,1.0,2.845697329376854,s
1223,CaF2,0.0,12.0,1.347392290249433,s
4294,MgCl2,6.0,8.0,1.3654916512059367,s
1335,NiF2,4.0,12.0,1.569116655428186,s
4092,SnF2,2.0,4.0,2.3552631578947367,s
3044,BeI2,7.0,8.0,2.1506849315068495,s
708,(NH4)2C2O4,0.0,1.0,1.5,e
4063,CrCl4,5.0,8.0,1.7425249169435215,s
3949,ScCl3,2.0,4.0,1.8051359516616312,s
4192,CaI2,6.0,9.0,2.1029082774049215,s
1465,WF4,3.0,8.0,2.449874686716792,s
4780,Rb2S,0.0,9.0,1.406,s
3752,SiF4,2.0,4.0,1.850765306122449,s
2596,MgI2,2.0,4.0,2.727069351230426,s
874,Th(NO3)4,0.0,4.0,3.11,e
1654,RbF,1.0,2.0,2.2510822510822512,s
4087,NbCl4,5.0,8.0,1.876588021778584,s
3627,CaBr2,2.0,6.0,2.227912932138284,s
4648,ZnI2,8.0,9.0,2.414201183431953,s
1500,VBr4,0.0,5.0,2.843505477308294,s
2980,ScBr3,8.0,9.0,1.879668049792531,s
737,NH4Fe(SO4)2,0.0,12.0,1.79,e
3493,PbCl4,0.0,5.0,2.739652870493992,s
3179,TiCl3,0.0,6.0,1.7713004484304935,s
1946,CoBr2,0.0,9.0,2.1032934131736525,s
2853,SnF4,2.0,3.0,2.821818181818182,s
1120,LaI3,0.0,6.0,3.128166915052161,s
4639,VI2,8.0,9.0,2.2944444444444443,s
5106,Al(IO3)3,0.0,9.0,2.8625,s
2404,VBr4,0.0,4.0,2.9758812615955472,s
1195,MgCl2,0.0,9.0,1.4827155351936694,s
2017,YBr3,0.0,9.0,1.9221183800623052,s
195,CoSO4,0.0,6.0,2.01,e
1525,SrBr2,2.0,6.0,2.42120765832106,s
584,MnSO4,0.0,4.0,2.26,e
2133,VCl4,0.0,5.0,1.915480427046263,s
1439,BaI2,1.0,12.0,1.8556603773584903,s
779,Rb2Mg(SeO4)2,0.0,2.0,2.54,e
2405,MgI2,6.0,12.0,1.7357819905213272,s
5653,PbHAsO4,2.0,3.0,3.692307692307692,s
1856,BeF2,0.0,9.0,1.4375,s
132,CaSiF6,0.0,2.0,2.66,e
180,CoBr2,0.0,2.0,3.4,e
5101,SrCO3,0.0,5.0,1.9035087719298247,s
4611,GeCl4,4.0,5.0,2.0669856459330145,s
5209,Sr3(AsO4)2,2.0,10.0,2.7,s
4985,AlAsO4,0.0,7.0,2.184931506849315,s
4459,GaBr3,0.0,1.0,3.278846153846154,s
3372,CaCl2,4.0,12.0,1.2398477157360406,s
2083,PbBr2,0.0,12.0,2.0069324090121317,s
664,NaCH3COO,0.0,3.0,1.45,e
1906,SnF4,0.0,4.0,2.5511875511875513,s
4197,CaBr2,0.0,1.0,2.809798270893372,s
2231,ZrBr4,0.0,5.0,2.9110473457675754,s
5409,Mn2P2O7,0.0,2.0,3.0256410256410255,s
2389,SrI2,2.0,7.0,2.5141065830721003,s
5437,Zn3(PO4)2,4.0,8.0,2.794871794871795,s
347,InF3,0.0,3.0,2.88,e
3268,HfBr4,0.0,8.0,2.9521690767519466,s
2537,ZnCl2,8.0,12.0,1.4294478527607364,s
735,NH4Cr(SO4)2,0.0,12.0,1.73,e
4497,BaI2,9.0,12.0,1.8539682539682536,s
985,ZnSeO3,0.0,1.0,3.88,e
2617,SnI2,6.0,12.0,1.920962199312715,s
3830,MoCl4,2.0,5.0,2.161993769470405,s
1938,CaCl2,2.0,12.0,1.239614994934144,s
4194,BaF2,2.0,4.0,2.7387640449438204,s
5485,PbCO3,3.0,5.0,2.84375,s
1309,YBr3,0.0,7.0,2.446808510638298,s
3849,LaI3,3.0,8.0,2.756335282651072,s
5246,Zn3(PO4)2,1.0,7.0,2.806451612903226,s
666,NaCHOO,2.0,3.0,1.09,e
1800,SnBr4,4.0,5.0,3.0956521739130434,s
3081,CoF3,0.0,3.0,2.5510703363914375,s
4486,LaCl3,1.0,2.0,3.21,s
3826,LiCl,2.0,4.0,1.4126268320180382,s
2822,SiF4,3.0,4.0,1.8496420047732696,s
4499,GaI3,8.0,9.0,2.448,s
3503,ZrBr4,0.0,5.0,2.9110473457675754,s
3474,MoF4,3.0,8.0,1.9158607350096712,s
5513,Zn3(PO4)2,2.0,4.0,3.3076923076923075,s
1095,CaI2,2.0,12.0,1.6800000000000002,s
5394,Cu(IO3)2,2.0,6.0,3.1794871794871793,s
700,Nd(NO3)3,3.0,4.0,2.17,e
1288,LiBr,0.0,4.0,1.8232118758434548,s
3951,MoI4,3.0,8.0,3.132530120481928,s
1631,RbBr,0.0,2.0,2.2078431372549017,s
2571,YCl3,1.0,3.0,1.972267536704731,s
3883,YBr3,3.0,6.0,2.670588235294118,s
3636,VCl3,4.0,9.0,1.4834749763928234,s
67,BeSO4,0.0,3.0,1.71,e
3316,CaI2,1.0,9.0,2.099130434782609,s
5016,MnCO3,0.0,5.0,1.9097222222222223,s
2279,BaCl2,2.0,9.0,1.9038461538461535,s
4312,KBr,3.0,4.0,1.6373390557939913,s
4500,VI4,0.0,2.0,4.076433121019108,s
828,SnCl4,2.0,3.0,2.19,e
1236,MgBr2,1.0,12.0,1.5284761416110826,s
3851,GeF2,8.0,12.0,1.5121065375302665,s
4773,LaBr3,9.0,10.0,2.3387096774193545,s
2377,BaCl2,2.0,8.0,1.997465145754119,s
2759,RbBr,1.0,3.0,2.3197969543147208,s
3528,NiI2,0.0,8.0,2.3856613102595796,s
2522,ZnI2,4.0,9.0,2.4086021505376345,s
5090,Ni3(AsO4)2,1.0,8.0,3.0641025641025643,s
4863,Ni3(AsO4)2,0.0,8.0,3.046511627906977,s
4220,ZrBr4,5.0,8.0,2.5324324324324325,s
1153,GaBr3,0.0,2.0,2.980997624703088,s
402,KInBr4,0.0,2.0,3.2,e
3737,ZnBr2,7.0,12.0,1.6949352179034158,s
4898,CaHPO4,0.0,3.0,1.989247311827957,s
3549,ScBr3,2.0,6.0,2.2545235223160436,s
1408,VCl4,0.0,5.0,1.915480427046263,s
1669,YBr3,6.0,10.0,2.265734265734266,s
2230,ZnBr2,4.0,12.0,1.695890410958904,s
988,ZnSeO4,0.0,1.0,3.91,e
2341,CaI2,2.0,7.0,2.376210235131397,s
1308,BeF2,0.0,2.0,1.7377622377622377,s
5482,Ba(IO3)2,2.0,6.0,2.7575757575757573,s
82,Ca(CH3COO)2,0.0,1.0,1.51,e
4367,BaI2,2.0,4.0,3.2571428571428576,s
3163,NiCl2,1.0,12.0,1.440990516332982,s
4463,FeCl3,8.0,9.0,1.5789473684210529,s
4496,LaBr3,6.0,9.0,2.010135135135135,s
3205,BeF2,2.0,12.0,1.3777777777777778,s
428,LaCl3,0.0,7.0,2.23,e
5325,PbCO3,3.0,6.0,3.1063829787234045,s
1914,MnCl4,0.0,8.0,1.7541795665634676,s
5180,Zn3(AsO4)2,1.0,8.0,3.059701492537313,s
1540,MgI2,6.0,12.0,1.7357819905213272,s
4592,ScCl3,3.0,4.0,1.8097165991902835,s
1575,MgI2,4.0,8.0,2.1483771251931993,s
4667,PbI4,5.0,8.0,3.3793103448275863,s
847,Sr(OH)2,1.0,2.0,2.81,e
505,MgCO3,0.0,5.0,1.69,e
2970,ScI3,6.0,8.0,2.6041666666666665,s
142,CaZn2(PO4)2,0.0,2.0,3.09,e
4713,BeI2,7.0,8.0,2.1506849315068495,s
2615,BaF2,4.0,8.0,2.133828996282527,s
1387,ScF3,0.0,3.0,2.0098302055406614,s
4437,CaI2,7.0,9.0,2.099071207430341,s
5597,Sr(BrO3)2,2.0,4.0,2.6956521739130435,s
2276,SnI4,0.0,5.0,3.6238361266294223,s
2756,NaBr,1.0,2.0,2.18421052631579,s
1148,RbF,2.0,4.0,1.8432203389830508,s
2267,SrF2,0.0,2.0,2.918552036199095,s
3267,ZnI2,0.0,9.0,2.4074418604651164,s
1797,YI3,8.0,10.0,2.513157894736842,s
5199,Mn2As2O7,0.0,6.0,2.785714285714286,s
556,MnBr2,1.0,4.0,2.49,e
3990,LaI3,0.0,3.0,3.9015384615384616,s
2029,NiF2,4.0,12.0,1.569116655428186,s
957,Zn(ClO4)2,0.0,6.0,2.22,e
3159,SnF4,0.0,4.0,2.5511875511875513,s
2832,GeF4,3.0,4.0,2.2391930835734875,s
538,MgSO4,1.0,5.0,1.74,e
3490,ZrI4,0.0,8.0,2.981375358166189,s
1839,AlBr3,0.0,9.0,1.9437396580253723,s
3749,PbCl2,1.0,4.0,2.9217877094972065,s
5044,Na2HPO4,0.0,6.0,1.7985611510791368,s
4547,CuBr2,8.0,9.0,2.1434262948207174,s
4620,HfCl4,4.0,5.0,2.644578313253012,s
1612,LaCl3,3.0,6.0,2.2320143884892087,s
2248,YBr3,2.0,7.0,2.4479297365119197,s
645,Na2SO4,0.0,10.0,1.58,e
5515,Pb(NO3)2,2.0,4.0,3.035714285714285,s
976,ZnCl2,1.33,2.5,2.0,e
4827,AlPO4,0.0,9.0,1.7772020725388602,s
3370,YBr3,1.0,6.0,2.668176670441676,s
1693,CaBr2,9.0,12.0,1.4779411764705883,s
2258,SnF4,1.0,3.0,2.8222543352601157,s
3777,YBr3,0.0,3.0,2.7023172905525845,s
5105,KBrO3,0.0,6.0,1.8205128205128205,s
5311,La(IO3)3,0.0,8.0,3.142857142857143,s
156,CdCl2,0.0,2.5,2.76,e
2305,GaI3,0.0,6.0,3.130287648054146,s
5618,Cu3(AsO4)2,0.0,1.0,4.384615384615384,s
5017,NaClO4,0.0,11.0,1.4406779661016949,s
1099,LaBr3,0.0,8.0,2.441176470588235,s
3406,GaCl3,0.0,4.0,2.1480392156862744,s
2329,LaBr3,2.0,8.0,2.4415041782729805,s
4832,LiOH,1.0,7.0,1.317180616740088,s
293,FeC2O4,0.0,2.0,2.87,e
939,VOSO4,0.0,3.0,2.28,e
3255,ScBr3,0.0,6.0,2.252823631624674,s
4640,PbBr2,8.0,9.0,2.705128205128205,s
5263,Ba(ClO4)2,0.0,6.0,2.1917808219178085,s
4350,GaI3,7.0,9.0,2.453125,s
5184,Zn3(AsO4)2,0.0,7.0,3.060606060606061,s
4487,BaBr2,7.0,9.0,2.229090909090909,s
3045,YI3,3.0,4.0,3.1142857142857143,s
5626,Mg(ClO4)2,5.0,7.0,1.7857142857142856,s
951,Yb(NO3)3,4.0,5.0,2.2,e
2364,WBr4,0.0,5.0,3.576446280991736,s
4537,SnCl2,7.0,9.0,1.8305084745762712,s
4927,LiIO3,0.0,1.0,3.3333333333333335,s
5327,Co2SiO4,1.0,4.0,2.9591836734693877,s
1708,KBr,0.0,1.0,2.1706666666666665,s
5378,Co3(AsO4)2,3.0,7.0,3.0,s
4184,RbI,0.0,2.0,2.5494791666666665,s
3220,NbCl4,0.0,8.0,1.8758076094759513,s
4658,BaCl2,6.0,8.0,2.0,s
3948,YF3,3.0,6.0,2.319778188539741,s
994,ZnSO4,4.0,6.0,1.52,e
3564,SnI4,0.0,5.0,3.6238361266294223,s
2817,RbI,2.0,4.0,2.208219178082192,s
5331,Mn3(PO4)2,3.0,8.0,2.473684210526316,s
5454,SrHAsO4,4.0,7.0,1.9583333333333333,s
990,ZnSO4,4.0,7.0,2.4,e
3204,MgI2,0.0,6.0,2.3784693019343983,s
5608,Sr(NO3)2,4.0,6.0,1.8965517241379313,s
5267,PbHAsO4,0.0,4.0,3.4285714285714284,s
4069,MoI4,0.0,4.0,3.7540453074433655,s
3778,MnCl4,2.0,5.0,1.948509485094851,s
4333,BaF2,7.0,9.0,2.0877659574468086,s
3434,BaBr2,0.0,6.0,2.534965034965035,s
4531,YI3,6.0,8.0,2.6559633027522933,s
1467,SrI2,1.0,7.0,2.5135135135135136,s
1405,BaBr2,1.0,12.0,1.6870474658085275,s
269,Eu(IO3)3,0.0,2.0,4.76,e
2758,SnI2,0.0,2.0,3.895582329317269,s
5644,CoPO4,6.0,7.0,2.238095238095238,s
2702,GaI3,0.0,3.0,3.188449848024316,s
938,VOSO4,1.0,3.0,2.09,e
3941,BeBr2,4.0,8.0,1.8396946564885497,s
2932,LaBr3,2.0,3.0,3.370967741935484,s
2410,GeI2,0.0,4.0,3.03415559772296,s
2188,CoBr3,0.0,6.0,2.722151088348271,s
4865,K2HPO4,0.0,6.0,1.7537313432835822,s
251,CuBr2,0.0,4.0,2.82,e
1604,SnBr2,0.0,2.0,3.4699738903394253,s
1768,LaBr3,6.0,9.0,2.010135135135135,s
5554,PbHPO4,0.0,1.0,4.75,s
3609,WF4,2.0,5.0,2.9485530546623795,s
932,VOSO4,3.0,6.0,1.57,e
3017,CrI3,8.0,9.0,2.3950617283950617,s
273,EuPO4,0.0,2.0,5.86,e
675,NaCr(SO4)2,0.0,12.0,1.68,e
3519,CrCl4,0.0,4.0,2.024625267665953,s
1920,MgI2,1.0,12.0,1.7363523573200992,s
3842,PbBr2,1.0,4.0,3.406103286384977,s
1162,RbF,1.0,2.0,2.2510822510822512,s
5497,Mg(ClO4)2,4.0,7.0,1.822222222222222,s
4285,RbCl,0.0,1.0,2.1968503937007875,s
2706,YBr3,4.0,6.0,2.6727748691099475,s
2601,YBr3,4.0,7.0,2.446502057613169,s
4833,CrAsO4,0.0,9.0,2.074534161490683,s
1791,YCl3,8.0,9.0,1.509727626459144,s
2423,SrBr2,0.0,2.0,3.3326359832635983,s
2317,BaF2,2.0,8.0,2.13530135301353,s
5071,LiOH,3.0,7.0,1.3184713375796178,s
3837,ZnI2,6.0,12.0,1.904964539007092,s
1925,MnCl2,0.0,6.0,1.8512179065174457,s
618,Na2MoO4,0.0,2.0,3.31,e
4429,GeCl2,0.0,1.0,2.548387096774193,s
2277,MoBr4,2.0,8.0,2.6262203626220364,s
2543,CaCl2,8.0,12.0,1.2404063205417606,s
39,Ba(OH)2,0.0,7.0,2.06,e
1908,NiCl2,1.0,12.0,1.440990516332982,s
1659,KBr,2.0,4.0,1.63840830449827,s
3153,VCl3,0.0,9.0,1.4842436974789917,s
263,CuSO4,0.0,1.0,3.35,e
2444,HfF4,4.0,8.0,2.3328125,s
855,SrCl2,1.0,6.0,1.83,e
4577,HfCl4,3.0,4.0,2.7624309392265194,s
4844,MnCO3,0.0,5.0,1.9097222222222223,s
4441,YCl3,1.0,2.0,2.1903225806451614,s
1243,MgBr2,0.0,8.0,1.7456242707117853,s
1137,SnF2,0.0,2.0,3.1428571428571432,s
3171,ZnF2,1.0,9.0,1.818646232439336,s
1977,CrBr3,0.0,9.0,2.009273570324575,s
564,MnCl2,1.0,4.0,1.84,e
913,UO2SO4,0.0,3.0,3.85,e
2624,BeCl2,4.0,7.0,1.4533898305084745,s
489,MgBr2,2.0,4.0,1.95,e
2221,LaI3,0.0,7.0,2.870653685674548,s
1330,WCl4,0.0,8.0,2.3611111111111107,s
3027,SrCl2,8.0,9.0,1.7577319587628866,s
2565,MoI4,3.0,8.0,3.132530120481928,s
7,Al2(OH)4SO4,0.0,7.0,1.79,e
2325,SrI2,2.0,8.0,2.375338753387534,s
4838,K2CO3,0.0,10.0,1.4659685863874343,s
4171,NiCl2,9.0,12.0,1.4411764705882353,s
4105,MgCl2,9.0,12.0,1.2552301255230127,s
5020,Ca3(PO4)2,0.0,11.0,2.0296296296296297,s
1460,CrI3,0.0,6.0,3.063348416289593,s
1211,AlBr3,0.0,6.0,2.311284046692607,s
2436,NiBr3,3.0,9.0,2.293577981651376,s
2658,GaCl3,6.0,9.0,1.5977564102564104,s
1824,BeI2,8.0,9.0,2.098360655737705,s
2736,ZnI2,4.0,8.0,2.3613861386138613,s
781,Rb2Mg(SO4)2,2.0,6.0,2.2,e
2284,BaF2,0.0,2.0,3.2830188679245285,s
1021,AlBr3,0.0,9.0,1.9437396580253723,s
3728,SnF4,4.0,8.0,2.0487144790257106,s
3149,CrCl3,0.0,9.0,1.5081707959936743,s
2001,CaBr2,2.0,12.0,1.4779040404040404,s
1287,SrBr2,0.0,9.0,2.109848484848485,s
1793,MgI2,8.0,9.0,2.206703910614525,s
5425,KH2PO4,0.0,2.0,1.7627118644067798,s
451,LiI,1.0,3.0,2.15,e
889,(UO2)3(PO4)2,0.0,4.0,4.47,e
5093,NaClO4,2.0,11.0,1.4366197183098592,s
2737,CaBr2,0.0,1.0,2.809798270893372,s
789,RbAl(SeO4)2,0.0,12.0,2.11,e
2661,SnF4,5.0,8.0,2.046783625730994,s
5546,Mg(IO3)2,4.0,6.0,2.8846153846153846,s
1759,BaI2,4.0,6.0,2.7731092436974794,s
2136,VCl4,2.0,8.0,1.7218106995884772,s
3338,CuF2,4.0,12.0,1.5711237553342818,s
4449,TiF4,4.0,5.0,1.8125,s
2433,KBr,1.0,4.0,1.6394399066511085,s
5574,Sr(H2PO4)2,2.0,4.0,2.1290322580645165,s
4923,Zn3(AsO4)2,4.0,8.0,3.083333333333334,s
892,UO2(NO3)2,2.0,6.0,2.61,e
3327,HfCl4,0.0,5.0,2.652360515021459,s
1101,KCl,0.0,4.0,1.3253810470510272,s
4131,YBr3,0.0,2.0,2.994350282485876,s
5530,LiClO4,2.0,3.0,1.9473684210526316,s
537,MgSO4,2.0,5.0,1.57,e
